631
161
137
123
138
1434
445
135
67
53
139
500
68
520
1900
4500
514
49152
162
69
5353
111
49154
1701
998
996
997
999
3283
49153
1812
136
2222
2049
32768
5060
1025
1433
3456
80
20031
1026
7
1646
1645
593
518
2048
626
1027
177
1719
427
497
4444
1023
65024
19
9
49193
1029
49
88
1028
17185
1718
49186
2000
31337
49201
49192
515
2223
443
49181
1813
120
158
49200
3703
32815
17
5000
32771
33281
1030
623
1022
32769
5632
10000
49194
49191
49182
49156
9200
30718
49211
49190
49188
49185
5001
5355
32770
37444
34861
34555
1032
4045
3130
1031
49196
49158
37
2967
4000
989
3659
4672
34862
23
49195
49189
49187
49162
2148
41524
10080
32772
407
42
33354
1034
49199
49180
3389
1001
6346
21
13
517
1068
990
6001
1782
1045
1041
19283
49210
49209
49208
49205
49202
49184
49179
49171
9876
39213
800
464
389
1039
1038
1036
1419
192
199
44968
1008
49166
49159
1033
1024
22986
19682
22
2002
664
11487
1021
58002
49172
49168
49165
49163
1043
7938
683
6000
5351
5093
3052
1885
1049
1044
1019
5500
27892
16680
32773
41058
35777
113
52225
49174
49169
49160
8193
686
685
6004
1886
1056
1047
38293
782
786
38037
32774
780
1080
32775
9950
983
6971
6970
682
2051
1066
1054
1014
781
5050
31891
31681
31073
30365
30303
29823
28547
27195
25375
22996
22846
21383
20389
20126
20019
19616
19503
19120
18449
16947
16832
42172
33355
32779
53571
52503
49215
49213
49212
49204
49198
49175
49167
5002
27015
5003
7000
513
1485
9103
684
1761
1090
1065
1048
1037
32777
539
767
434
54321
3401
112
6347
512
1000
363
47624
45441
42508
41370
41081
40915
40732
40708
40441
40116
39888
36206
35438
34892
34125
33744
32931
32818
776
38
32776
64513
63555
62287
61370
58640
58631
56141
54281
51717
50612
49503
49207
49197
49176
49173
49170
49161
49157
775
217
1012
959
9199
902
9020
829
8181
8001
688
687
643
3702
2160
1901
1069
1064
1042
1040
1035
32528
32385
32345
31731
31625
31365
31195
31189
31109
31059
30975
30704
30697
30656
30544
30263
29977
29810
29256
29243
29078
28973
28840
28641
28543
28493
28465
28369
28122
27899
27707
27482
27473
26966
26872
26720
26415
26407
25931
25709
25546
25541
25462
25337
25280
25240
25157
25003
24910
24854
24644
24606
24594
24511
24279
24007
23980
23965
23781
23679
23608
23557
23531
23354
23176
23040
22914
22799
22739
22695
22692
22341
22055
21902
21803
21621
21354
21298
21261
21212
21131
20359
20004
19933
19687
19600
19489
19332
19322
19294
19197
19165
19130
19039
19017
18980
18835
18582
18360
18331
18234
18004
17989
17939
17888
17616
17615
17573
17459
17455
17091
16918
16430
16402
1346
20
2
32780
772
1214
1993
402
773
31335
774
9877
965
903
9001
9000
838
814
8010
8000
6050
6002
3664
2343
1804
1234
1124
1105
1100
1081
1060
1057
1055
1053
1050
1046
1007
1524
1059
5555
5010
32778
48761
48489
48455
48255
48189
48078
47981
47915
47808
47772
47765
46836
46532
46093
45928
45818
45722
45685
45380
45247
44946
44923
44508
44334
44253
44190
44185
44179
44160
44101
43967
43824
43686
43514
43370
43195
43094
42639
42627
42577
42557
42434
42431
42313
42056
41971
41967
41896
41774
41702
41638
41446
41308
40866
40847
40805
40724
40711
40622
40539
40019
39723
39714
39683
39632
39217
38615
38498
38412
38063
37843
37813
37783
37761
37602
37393
37212
37144
36945
36893
36778
36669
36489
36458
36384
36108
35794
35702
34855
34796
34758
34580
34579
34578
34577
34570
34433
34422
34358
34079
34038
33872
33866
33717
33459
33249
33030
32798
27444
1484
3
1067
64727
64590
64481
64080
63420
62958
62699
62677
62575
62154
61961
61685
61550
61481
61412
61322
61319
61142
61024
60423
60381
60172
59846
59765
59207
59193
58797
58419
58178
58075
57977
57958
57843
57813
57410
57409
57172
55587
55544
55043
54925
54807
54711
54114
54094
53838
53589
53037
53006
52144
51972
51905
51690
51586
51554
51456
51255
50919
50708
50497
50164
50099
49968
49640
49396
49393
49360
49350
49306
49262
49259
49226
49222
49220
49216
49214
49178
49177
49155
1058
4666
559
3457
1455
4008
764
207
1457
944
9370
8900
826
789
689
657
639
3343
3296
2362
2345
2161
16086
1200
1101
1088
1087
1072
1070
1051
1020
1013
502
32760
32750
32727
32611
32607
32546
32506
32499
32495
32479
32469
32446
32430
32425
32422
32415
32404
32382
32368
32359
32352
32326
32273
32262
32219
32216
32185
32132
32129
32124
32066
32053
32044
31999
31963
31918
31887
31882
31852
31803
31794
31792
31783
31750
31743
31735
31732
31720
31692
31673
31609
31602
31599
31584
31569
31560
31521
31520
31481
31428
31412
31404
31361
31352
31350
31343
31334
31284
31267
31266
31261
31202
31199
31180
31162
31155
31137
31134
31133
31115
31112
31084
31082
31051
31049
31036
31034
30996
30943
30932
30930
30909
30880
30875
30869
30856
30824
30803
30789
30785
30757
30698
30669
30661
30622
30612
30583
30578
30533
30526
30512
30477
30474
30473
30465
30461
30348
30299
30260
30256
30214
30209
30154
30134
30093
30085
30067
30055
30034
29981
29964
29961
29894
29886
29843
29834
29794
29709
29613
29595
29581
29564
29554
29541
29534
29522
29503
29461
29453
29449
29444
29426
29410
29401
29400
29357
29333
29319
29276
29230
29200
29180
29168
29162
29153
29150
29142
29135
29129
29082
29054
29048
29030
28995
28965
28944
28933
28931
28892
28815
28808
28803
28746
28745
28725
28719
28707
28706
28692
28674
28664
28663
28645
28640
28630
28609
28584
28525
28485
28476
28445
28440
28438
28387
28349
28344
28295
28263
28247
28222
28220
28211
28190
28172
28129
28107
28105
28098
28091
28080
28071
28070
28034
28011
27973
27969
27949
27919
27895
27861
27853
27750
27722
27718
27711
27708
27696
27682
27678
27673
27666
27606
27600
27579
27573
27561
27547
27538
27487
27466
27437
27416
27414
27287
27272
27271
27263
27209
27200
27182
27180
27179
27150
27133
27110
27095
27085
27079
27078
27072
27064
27058
27027
27025
27017
27010
27007
27002
26998
26996
26994
26982
26973
26949
26888
26878
26868
26866
26845
26843
26823
26819
26796
26795
26771
26765
26742
26705
26698
26645
26549
26531
26512
26507
26493
26452
26434
26431
26423
26420
26401
26388
26381
26340
26337
26289
26286
26284
26254
26243
26239
26219
26204
26196
26191
26171
26123
26103
26079
26052
26031
26026
25992
25956
25925
25913
25909
25875
25868
25851
25826
25778
25756
25733
25715
25670
25652
25628
25627
25624
25600
25586
25579
25560
25544
25538
25521
25514
25498
25488
25466
25402
25385
25366
25332
25331
25290
25271
25266
25249
25248
25212
25170
25169
25135
25040
25036
24950
24945
24941
24916
24911
24875
24837
24818
24800
24756
24741
24731
24725
24706
24693
24689
24665
24658
24655
24639
24539
24528
24496
24444
24419
24418
24388
24306
24271
24265
24242
24212
24172
24158
24155
24113
24107
24104
24098
24093
24063
24032
24021
24013
24008
23951
23946
23940
23865
23758
23755
23745
23714
23704
23698
23638
23633
23586
23585
23547
23522
23504
23495
23430
23428
23426
23421
23399
23374
23363
23341
23337
23327
23322
23256
23230
23202
23184
23170
23162
23161
23152
23108
23073
23059
23027
22991
22945
22902
22862
22853
22852
22843
22776
22762
22736
22732
22677
22626
22611
22597
22593
22585
22571
22547
22526
22522
22505
22495
22494
22481
22438
22417
22381
22377
22376
22356
22324
22292
22288
22252
22215
22146
22124
22123
22109
22105
22053
22045
22043
22029
21967
21948
21923
21898
21868
21847
21842
21834
21800
21784
21780
21742
21710
21702
21698
21674
21663
21655
21649
21644
21625
21609
21576
21568
21566
21556
21525
21524
21514
21476
21468
21454
21405
21366
21364
21360
21358
21344
21333
21320
21318
21303
21282
21247
21207
21206
21186
21167
21111
21104
21083
21060
21016
21000
20919
20884
20876
20872
20865
20851
20848
20842
20817
20791
20762
20752
20742
20717
20710
20679
20678
20665
20560
20540
20525
20522
20518
20465
20464
20449
20445
20425
20424
20423
20411
20409
20380
20366
20360
20326
20313
20309
20288
20279
20262
20249
20217
20206
20164
20154
20146
20129
20120
20117
20082
20003
19998
19995
19956
19936
19935
19792
19789
19728
19722
19719
19718
19717
19707
19695
19683
19663
19662
19660
19650
19647
19639
19632
19625
19624
19605
19541
19504
19500
19482
19415
19374
19315
19273
19227
19222
19193
19181
19161
19154
19141
19140
19096
19075
19047
19022
18996
18994
18991
18987
18985
18958
18888
18883
18869
18832
18830
18821
18818
18807
18683
18676
18669
18666
18617
18605
18543
18485
18373
18319
18258
18255
18250
18228
18156
18134
18113
18081
17946
17845
17836
17824
17823
17814
17787
17762
17754
17726
17683
17674
17673
17663
17638
17629
17605
17592
17585
17580
17549
17533
17505
17494
17490
17487
17468
17424
17423
17417
17359
17338
17332
17331
17321
17302
17282
17237
17236
17219
17207
17205
17184
17146
17101
17077
17018
17006
16974
16972
16970
16948
16939
16938
16919
16912
16896
16862
16839
16838
16829
16816
16786
16779
16766
16739
16711
16708
16700
16697
16674
16573
16548
16545
16503
16498
16449
16433
16420
617
393
56
387
25
770
750
769
198
1
1083
771
1400
83
6111
134
32786
501
484
2001
1666
7100
550
26900
47557
760
496
145
748
5011
376
1514
6969
426
110
6146
47
170
370
49136
49127
49114
49052
49042
48954
48906
48901
48898
48887
48860
48854
48790
48780
48733
48712
48631
48626
48605
48558
48556
48555
48548
48496
48411
48342
48329
48324
48321
48315
48314
48282
48263
48222
48156
48126
48105
47971
47936
47926
47917
47851
47847
47842
47821
47817
47802
47751
47706
47656
47586
47577
47572
47457
47432
47406
47371
47337
47279
47270
47198
47185
47169
47160
47134
47132
47083
47030
46837
46808
46793
46758
46698
46652
46643
46641
46630
46603
46594
46584
46483
46464
46462
46457
46440
46387
46294
46270
46265
46249
46207
46201
46195
46114
46066
46055
46040
45971
45906
45891
45883
45769
45719
45596
45538
45503
45449
45345
45338
45193
45148
45061
45037
45006
44943
44917
44856
44819
44748
44733
44661
44611
44598
44577
44539
44518
44503
44454
44420
44408
44371
44364
44312
44310
44275
44135
44117
44116
44100
44099
44093
44079
44054
44037
44034
44026
44009
43983
43942
43941
43842
43802
43740
43715
43640
43525
43510
43455
43423
43361
43336
43334
43288
43284
43268
43260
43248
43175
43173
43170
43092
43080
43072
43039
42941
42916
42882
42868
42857
42827
42825
42812
42807
42803
42773
42716
42708
42702
42648
42638
42612
42585
42558
42533
42498
42373
42341
42340
42294
42285
42284
42279
42251
42220
42215
42148
42139
42051
42005
41875
41851
41837
41816
41779
41771
41731
41717
41619
41499
41496
41406
41380
41360
41348
41343
41335
41334
41327
41265
41161
41156
41149
41148
41139
41073
41014
41011
40993
40982
40972
40958
40940
40914
40904
40893
40882
40877
40830
40736
40722
40667
40653
40642
40625
40591
40580
40551
40512
40491
40487
40480
40453
40436
40423
40399
40351
40322
40303
40266
40111
40102
40101
40074
40071
40043
39982
39919
39863
39812
39811
39753
39745
39743
39733
39709
39697
39659
39649
39641
39630
39600
39596
39590
39548
39507
39457
39453
39440
39430
39401
39383
39377
39332
39313
39297
39243
39220
39163
39146
39135
39116
39086
39056
39042
39035
39028
38972
38864
38812
38742
38734
38732
38727
38714
38648
38644
38609
38608
38571
38526
38510
38499
38370
38325
38312
38304
38294
38274
38218
38190
38183
38172
38153
38142
38125
38064
38053
38041
38014
37964
37933
37922
37823
37686
37682
37670
37664
37663
37654
37592
37589
37574
37563
37561
37478
37464
37456
37441
37423
37401
37400
37385
37377
37348
37343
37327
37316
37255
37221
37216
37198
37182
37163
37156
37152
37139
37136
37093
37046
37025
37018
36990
36931
36910
36887
36862
36854
36817
36719
36695
36694
36666
36641
36576
36522
36519
36500
36471
36462
36380
36293
36237
36214
36178
36136
36126
36099
36096
36065
36041
36019
35991
35985
35948
35940
35904
35896
35810
35776
35775
35773
35746
35656
35636
35516
35493
35490
35474
35390
35283
35280
35240
35222
35188
35176
35108
35051
35044
35026
34979
34893
34847
34822
34780
34771
34770
34757
34705
34692
34653
34586
34425
34421
34417
34374
34253
34250
34243
34231
34227
34214
34157
34153
34133
34119
34082
34075
33986
33975
33882
33878
33873
33858
33849
33826
33795
33724
33710
33700
33693
33687
33652
33591
33584
33575
33556
33465
33448
33422
33414
33394
33377
33302
33290
33285
33264
33208
33207
33162
33156
33149
33144
33080
33043
33028
32955
32897
32847
32843
32820
32812
7009
5308
4321
403
81
7001
584
2067
65520
65460
65420
65396
65380
65347
65286
65232
65105
64944
64890
64884
64874
64829
64798
64795
64772
64693
64682
64640
64630
64616
64615
64589
64566
64544
64492
64469
64456
64406
64365
64345
64340
64313
64312
64284
64259
64258
64202
63962
63917
63820
63786
63710
63700
63673
63534
63508
63499
63447
63346
63344
63337
63331
63281
63247
63173
63146
63136
63129
63106
63101
63079
63006
62975
62955
62880
62866
62845
62827
62778
62701
62697
62690
62562
62522
62493
62458
62449
62436
62420
62412
62404
62325
62281
62216
62188
62164
62133
62114
62101
62100
62038
61983
61973
61967
61937
61921
61902
61867
61828
61781
61709
61678
61653
61587
61539
61532
61523
61512
61485
61480
61438
61431
61422
61400
61395
61381
61226
61193
61192
61167
61127
61095
61081
61055
61050
61047
61046
61027
60988
60966
60950
60707
60705
60701
60679
60650
60438
60435
60431
60430
60384
60363
60347
60341
60255
60227
60145
60097
60069
60035
60028
59998
59971
59943
59860
59805
59791
59758
59669
59632
59603
59593
59581
59577
59555
59506
59483
59434
59415
59388
59327
59301
59296
59254
59216
59214
59189
59186
59132
59093
59037
59035
59002
58975
58938
58929
58914
58893
58817
58782
58777
58747
58705
58700
58674
58646
58455
58432
58369
58308
58205
58141
58114
58102
58091
58089
58026
57946
57942
57868
57858
57848
57836
57827
57756
57679
57662
57629
57461
57421
57386
57156
57133
57114
57063
57005
56980
56954
56929
56897
56895
56892
56876
56869
56848
56825
56765
56668
56637
56622
56555
56554
56491
56468
56366
56359
56337
56326
56288
56284
56273
56225
56209
56168
56153
56105
56103
55954
55941
55870
55795
55784
55766
55745
55650
55618
55593
55581
55579
55553
55541
55488
55352
55316
55267
55205
55156
55124
55034
54993
54952
54946
54939
54848
54812
54758
54747
54722
54676
54653
54627
54607
54531
54521
54513
54398
54375
54349
54324
54298
54296
54267
54264
54259
54126
54055
54045
54040
54027
54023
53996
53987
53940
53880
53830
53651
53554
53460
53433
53403
53396
53367
53286
53279
53249
53228
53212
53182
53161
53126
53084
53023
52945
52861
52813
52792
52772
52762
52713
52706
52674
52649
52582
52571
52516
52412
52364
52333
52254
52227
52224
52220
52155
52138
52130
52089
52006
51903
51894
51847
51843
51781
51710
51649
51589
51581
51544
51477
51471
51427
51407
51400
51383
51323
51280
51267
51225
51211
51193
51172
51167
51143
51120
51020
51014
51013
50990
50913
50904
50900
50896
50756
50722
50649
50622
50620
50579
50574
50573
50523
50474
50447
50427
50420
50409
50376
50349
50345
50300
50296
50273
50239
50163
50149
50143
50127
50122
50085
50049
50041
50024
50009
49998
49990
49986
49984
49945
49939
49926
49839
49801
49754
49746
49669
49639
49620
49600
49589
49579
49562
49557
49525
49513
49506
49478
49443
49440
49384
49375
49348
49337
49334
49324
49319
49317
49295
49273
49268
49266
49264
49255
49252
49249
49237
49236
49231
49227
49223
49219
49218
49217
49206
49203
49183
49164
995
9890
984
982
979
977
9740
973
961
9595
953
949
947
940
934
931
917
9053
898
893
889
887
876
8435
841
8207
819
818
812
7846
7677
7516
745
734
732
727
720
6905
681
6784
672
6503
644
6430
620
619
603
5347
5018
4778
4691
4047
4039
3574
3569
3527
3403
3301
304
3001
2973
2863
2164
2101
2053
1862
1622
15138
15053
14499
14181
13557
1345
13429
1334
1287
1286
1237
12208
12003
1163
11618
11287
11271
1113
1098
10825
1062
1061
10583
1052
10484
10302
1018
1015
10081
7651
391
201
2004
152
1414
1348
27500
99
759
7005
577
2106
2018
1491
79
761
742
666
32787
206
1483
96
801
749
573
31
1664
1110
888
7648
751
704
6144
510
4827
1999
1389
1366
132
1422
640
525
3531
3333
205
146
1412
1155
740
594
530
524
444
2012
1521
1469
1467
1349
729
3246
2045
191
1531
1441
552
546
314
259
2431
2032
163
150
1507
1432
45000
86
6110
568
531
2026
1672
160
1364
1359
6145
547
541
516
505
440
1662
1600
1537
1513
747
540
2948
2019
1512
118
93
6147
57
551
548
537
451
442
417
355
222
1650
1435
1398
130
27910
730
607
586
569
532
504
472
455
3985
2103
1527
1518
1515
1498
1481
1438
133
77
763
731
709
65
6502
610
600
45
437
386
1465
1420
1388
27960
22370
16444
752
485
458
438
377
369
2040
1501
1440
1393
1370
758
7008
521
503
48
35
347
1548
1532
1482
1372
1357
1353
634
587
571
5304
5190
469
450
4133
4132
385
2627
256
1476
1453
1445
140
1371
1347
76
753
563
542
479
449
447
416
3049
2006
1987
1670
1551
1530
1505
1503
1395
121
993
9921
9897
988
986
9869
985
981
9750
9716
9695
966
9638
9620
960
9599
9589
952
951
950
946
941
9416
937
9310
927
922
9229
921
9206
9170
9156
9154
9110
908
9079
900
9002
8998
897
8979
8934
8924
8820
881
8793
8742
873
8719
869
8684
8661
8591
857
8556
845
8402
839
8343
833
8336
831
8284
823
821
8201
815
810
809
805
8040
7963
7946
7867
784
7804
777
7613
7536
7524
7354
7303
7298
728
7274
7267
722
719
7074
705
7051
7012
6984
6976
6972
6961
694
6925
6811
680
674
6627
6625
659
653
6520
6468
6463
6451
641
6395
6372
636
6353
632
628
6250
6237
621
6212
6119
6105
605
6033
5900
5873
5817
5749
5704
5648
5629
5589
5552
5509
5444
5439
5435
5366
5357
5354
5320
5318
5279
5210
5168
5139
5119
5110
5082
5077
5048
5034
4934
4836
4695
4692
4593
4565
4536
4447
4408
4404
4401
4378
4362
4361
4262
4232
4198
4175
4061
4049
4046
3978
3947
3910
3784
3631
3544
3519
3505
3495
3477
3453
3451
3396
3372
3364
3304
3235
3233
3162
3094
3054
3048
3002
2908
2821
2819
2528
2517
2496
2398
2387
2382
2368
2302
2215
2168
2158
2140
2129
2123
2121
2083
2078
2062
2061
2060
2058
2055
2054
1921
1909
1884
1861
1834
1803
1792
1755
1753
1738
1695
1685
16334
16312
16263
16226
1620
16159
16155
16108
16066
15969
15966
1585
15831
15814
15803
15754
15733
15648
15621
15514
15449
15381
15361
15360
15290
15267
15186
15149
15124
15123
15086
15067
15055
15041
14991
14946
14937
14922
14889
14808
14771
14679
14487
14388
14356
14341
14290
14286
14281
14241
14220
14202
14195
14169
13925
13914
13905
13876
13865
13856
13799
13747
13701
13699
13686
13663
13627
13571
13570
13552
13543
13539
13476
13474
13419
13402
1337
13378
13312
13299
13291
13266
13164
13155
1302
13002
12991
12986
12933
12873
12854
12650
12602
1257
12578
1256
12525
1251
12472
12469
12447
12321
12306
12304
12268
12195
12173
1215
1206
1203
12034
12004
12002
12001
12000
11970
1191
11878
11872
11785
1175
11723
11720
11567
1148
11449
1143
11425
1139
11364
1122
11182
1116
11157
11156
11138
11137
1106
11063
1103
1102
1099
1095
1089
10862
1085
10845
10827
1079
1078
1077
1076
1074
10666
10653
1063
10628
10525
10517
10490
10445
10409
10369
10343
10268
1011
1010
10076
10066
1004
1003
10011
10007
82
765
744
54
44
398
261
2307
2241
2013
197
1671
155
143
1428
1427
1415
1402
1392
1391
1383
32748
32744
32743
32742
32736
32734
32731
32723
32714
32706
32693
32687
32685
32682
32676
32675
32674
32669
32664
32656
32652
32644
32642
32641
32639
32637
32634
32632
32631
32629
32618
32617
32612
32598
32597
32595
32592
32583
32578
32577
32576
32575
32574
32571
32566
32564
32560
32558
32553
32550
32532
32524
32523
32518
32512
32511
32508
32503
32496
32488
32487
32484
32483
32482
32478
32474
32473
32468
32466
32465
32454
32449
32447
32444
32440
32439
32436
32435
32433
32429
32428
32426
32423
32412
32409
32406
32398
32391
32389
32379
32378
32377
32369
32364
32360
32355
32349
32342
32339
32338
32329
32323
32319
32317
32316
32313
32309
32306
32305
32297
32295
32291
32289
32282
32281
32277
32276
32274
32272
32270
32268
32264
32259
32251
32248
32245
32231
32228
32225
32223
32222
32221
32217
32210
32204
32202
32201
32198
32195
32190
32188
32187
32186
32180
32178
32176
32174
32172
32167
32163
32162
32161
32127
32117
32109
32107
32106
32105
32094
32092
32091
32090
32084
32081
32079
32072
32068
32065
32064
32059
32048
32046
32040
32039
32035
32033
32025
32024
32018
32011
32010
32007
32006
32005
31997
31992
31981
31979
31974
31972
31968
31967
31966
31950
31940
31939
31934
31929
31928
31922
31921
31920
31906
31901
31899
31898
31894
31892
31878
31877
31872
31870
31869
31861
31854
31853
31847
31844
31842
31834
31833
31827
31825
31822
31821
31819
31818
31817
31813
31798
31782
31779
31778
31776
31763
31759
31757
31752
31749
31739
31737
31736
31733
31729
31727
31723
31712
31709
31705
31703
31683
31679
31678
31671
31670
31669
31668
31663
31660
31657
31655
31653
31651
31648
31643
31626
31624
31617
31615
31606
31601
31600
31598
31597
31596
31595
31594
31593
31579
31577
31566
31565
31564
31563
31558
31557
31548
31545
31544
31543
31532
31527
31518
31510
31509
31506
31495
31493
31487
31470
31460
31459
31454
31453
31451
31439
31432
31429
31424
31423
31422
31421
31415
31414
31398
31392
31391
31386
31371
31366
31362
31358
31354
31347
31340
31336
31333
31326
31325
31324
31318
31314
31309
31301
31299
31293
31292
31288
31279
31275
31273
31271
31268
31258
31257
31254
31252
31249
31248
31247
31242
31240
31238
31237
31234
31230
31218
31217
31215
31212
31211
31209
31204
31198
31192
31187
31176
31150
31146
31141
31129
31127
31119
31105
31100
31089
31088
31085
31083
31080
31078
31076
31072
31069
31068
31058
31054
31052
31048
31030
31028
31022
31020
31015
31005
31001
30990
30986
30984
30982
30972
30967
30965
30959
30958
30955
30951
30945
30942
30931
30926
30924
30919
30918
30912
30910
30908
30906
30897
30894
30893
30892
30886
30881
30876
30867
30851
30849
30841
30838
30837
30833
30828
30827
30826
30825
30823
30820
30819
30808
30805
30796
30795
30784
30783
30782
30780
30772
30765
30762
30755
30754
30746
30741
30738
30737
30734
30729
30725
30723
30719
30713
30712
30710
30702
30701
30689
30688
30687
30682
30672
30670
30665
30664
30662
30660
30658
30657
30651
30650
30648
30646
30644
30637
30627
30624
30623
30619
30609
30601
30592
30588
30587
30575
30568
30566
30564
30555
30550
30539
30536
30529
30522
30521
30518
30516
30514
30511
30501
30500
30496
30495
30493
30492
30491
30483
30481
30478
30475
30472
30470
30468
30467
30464
30463
30462
30457
30454
30453
30434
30433
30430
30428
30424
30423
30420
30419
30418
30416
30411
30400
30398
30394
30383
30381
30378
30359
30350
30341
30338
30335
30331
30330
30318
30310
30309
30306
30305
30300
30298
30295
30293
30286
30267
30258
30254
30252
30246
30245
30244
30241
30239
30236
30235
30234
30230
30212
30211
30194
30193
30188
30184
30182
30181
30179
30175
30172
30170
30168
30150
30148
30144
30139
30135
30132
30131
30130
30126
30123
30113
30108
30086
30066
30063
30059
30048
30046
30041
30036
30031
30027
30020
30018
30015
30008
30006
30000
29988
29987
29980
29978
29970
29967
29956
29949
29932
29930
29927
29926
29915
29914
29911
29907
29905
29903
29901
29883
29878
29876
29869
29867
29864
29863
29860
29858
29854
29852
29846
29842
29840
29833
29829
29816
29812
29811
29809
29802
29796
29788
29787
29785
29782
29780
29773
29771
29761
29759
29756
29754
29753
29752
29749
29747
29742
29737
29733
29731
29729
29715
29712
29701
29700
29694
29682
29681
29680
29677
29673
29667
29665
29659
29652
29647
29642
29639
29632
29630
29618
29616
29615
29607
29604
29600
29589
29588
29587
29585
29583
29582
29577
29572
29570
29562
29559
29533
29525
29523
29520
29518
29514
29512
29508
29506
29499
29494
29488
29486
29480
29476
29474
29471
29467
29465
29457
29448
29447
29442
29435
29432
29427
29420
29415
29414
29408
29407
29406
29403
29398
29397
29396
29393
29390
29380
29376
29375
29368
29366
29364
29355
29352
29342
29335
29331
29329
29327
29324
29323
29317
29315
29312
29308
29305
29298
29286
29284
29283
29281
29280
29278
29277
29273
29272
29268
29259
29257
29249
29248
29239
29238
29224
29220
29218
29211
29207
29203
29201
29199
29196
29195
29186
29185
29183
29177
29172
29163
29149
29137
29134
29126
29121
29115
29114
29112
29105
29095
29087
29084
29070
29069
29061
29058
29056
29053
29052
29046
29045
29039
29036
29032
29026
29022
29014
29013
29010
29008
29007
29000
28997
28992
28979
28976
28969
28967
28966
28958
28954
28953
28952
28946
28945
28943
28940
28938
28934
28932
28927
28924
28920
28919
28917
28906
28905
28902
28900
28898
28896
28895
28893
28888
28887
28885
28883
28880
28879
28877
28876
28875
28865
28858
28856
28855
28854
28851
28847
28845
28839
28837
28836
28830
28827
28826
28822
28816
28813
28811
28810
28800
28797
28785
28780
28779
28778
28776
28775
28772
28769
28765
28755
28754
28752
28750
28748
28744
28741
28737
28736
28734
28730
28729
28728
28723
28708
28705
28700
28697
28696
28689
28685
28682
28675
28673
28661
28660
28654
28649
28644
28643
28642
28638
28633
28625
28620
28618
28617
28610
28607
28597
28587
28586
28575
28561
28556
28545
28544
28537
28534
28530
28529
28521
28513
28506
28488
28484
28483
28477
28472
28471
28469
28466
28464
28455
28441
28437
28434
28433
28428
28427
28425
28422
28421
28419
28417
28411
28401
28396
28393
28392
28391
28386
28380
28378
28377
28367
28366
28356
28353
28348
28345
28335
28334
28327
28322
28317
28315
28311
28309
28307
28303
28301
28298
28292
28283
28271
28265
28257
28251
28248
28246
28243
28242
28239
28237
28230
28221
28219
28218
28215
28213
28212
28203
28200
28197
28195
28183
28182
28178
28155
28154
28148
28145
28144
28142
28141
28124
28121
28120
28116
28112
28109
28108
28097
28096
28094
28089
28078
28077
28074
28072
28064
28059
28058
28054
28051
28045
28043
28036
28029
28028
28021
28020
28019
28005
27996
27994
27992
27984
27983
27979
27974
27972
27970
27967
27959
27958
27954
27952
27951
27944
27940
27939
27931
27918
27916
27912
27905
27902
27900
27887
27884
27876
27872
27869
27867
27863
27860
27859
27856
27850
27849
27838
27836
27833
27832
27830
27829
27828
27826
27822
27818
27817
27815
27803
27801
27792
27788
27786
27785
27783
27781
27775
27769
27767
27760
27756
27755
27745
27742
27741
27735
27733
27729
27721
27720
27715
27714
27713
27712
27705
27703
27702
27700
27698
27694
27693
27690
27689
27688
27687
27680
27677
27672
27669
27663
27662
27637
27636
27631
27630
27626
27624
27622
27621
27617
27608
27602
27599
27597
27593
27588
27587
27586
27584
27581
27575
27566
27564
27563
27556
27548
27537
27533
27532
27525
27512
27510
27507
27501
27493
27476
27475
27471
27470
27465
27464
27455
27454
27449
27445
27438
27436
27433
27424
27410
27408
27398
27397
27395
27391
27381
27373
27368
27366
27364
27358
27355
27340
27331
27330
27323
27313
27310
27300
27298
27291
27290
27289
27286
27285
27280
27274
27270
27268
27259
27258
27249
27237
27232
27230
27228
27227
27223
27221
27212
27202
27196
27192
27175
27174
27172
27169
27157
27148
27147
27144
27139
27118
27104
27101
27100
27098
27094
27089
27088
27087
27076
27075
27062
27061
27057
27049
27048
27046
27042
27038
27036
27032
27029
27020
27018
27014
27003
26988
26983
26979
26977
26970
26963
26960
26958
26955
26953
26951
26944
26941
26937
26934
26932
26926
26919
26916
26914
26906
26903
26899
26896
26891
26884
26882
26881
26876
26875
26861
26860
26859
26857
26847
26842
26841
26839
26830
26829
26814
26810
26806
26805
26803
26801
26794
26792
26786
26776
26775
26761
26760
26754
26753
26747
26746
26725
26724
26718
26714
26708
26706
26702
26699
26695
26692
26691
26690
26689
26685
26683
26681
26679
26678
26674
26673
26668
26666
26665
26664
26655
26654
26651
26649
26641
26639
26631
26628
26622
26621
26618
26596
26594
26587
26585
26579
26578
26575
26573
26563
26556
26541
26538
26536
26532
26529
26523
26522
26509
26508
26497
26491
26484
26482
26481
26477
26473
26466
26451
26448
26442
26439
26436
26432
26418
26417
26416
26413
26411
26409
26397
26395
26384
26376
26372
26369
26367
26364
26362
26356
26339
26338
26325
26318
26311
26304
26299
26296
26291
26283
26279
26275
26273
26270
26225
26211
26207
26205
26203
26201
26198
26189
26187
26183
26181
26179
26175
26172
26164
26163
26158
26157
26147
26141
26137
26134
26131
26130
26127
26121
26119
26116
26110
26107
26100
26095
26090
26089
26080
26078
26073
26067
26066
26062
26058
26057
26055
26050
26048
26040
26039
26036
26035
26033
26030
26021
26020
26013
26005
26002
25993
25989
25988
25987
25985
25980
25975
25969
25968
25958
25951
25950
25949
25944
25940
25929
25928
25921
25910
25901
25896
25894
25887
25881
25879
25857
25853
25849
25841
25833
25832
25827
25823
25815
25799
25798
25794
25793
25790
25768
25767
25763
25751
25744
25735
25731
25730
25724
25723
25716
25712
25710
25706
25687
25677
25667
25666
25659
25658
25644
25643
25642
25641
25636
25630
25618
25617
25611
25603
25594
25592
25591
25590
25588
25574
25573
25572
25569
25568
25567
25564
25542
25540
25537
25534
25533
25524
25523
25522
25515
25509
25502
25499
25493
25492
25483
25480
25474
25460
25455
25453
25451
25446
25443
25442
25439
25432
25428
25421
25418
25416
25399
25398
25397
25396
25395
25394
25390
25378
25374
25369
25364
25353
25348
25343
25338
25321
25314
25309
25304
25302
25301
25288
25286
25274
25268
25267
25258
25251
25244
25243
25241
25237
25235
25230
25228
25217
25215
25214
25211
25205
25204
25202
25197
25192
25191
25185
25184
25183
25180
25173
25168
25163
25160
25159
25158
25155
25153
25150
25147
25137
25129
25127
25115
25107
25104
25103
25102
25093
25091
25086
25082
25081
25080
25078
25074
25069
25067
25052
25043
25030
25029
25028
25025
25020
25019
25018
25017
25011
24995
24993
24983
24982
24980
24973
24963
24958
24957
24956
24946
24943
24939
24936
24932
24926
24905
24899
24893
24890
24883
24882
24878
24874
24871
24870
24869
24867
24865
24862
24852
24848
24844
24843
24841
24840
24831
24828
24825
24824
24822
24811
24805
24802
24798
24796
24795
24794
24790
24783
24782
24781
24779
24773
24767
24763
24761
24740
24739
24737
24735
24732
24723
24722
24716
24705
24696
24692
24686
24685
24684
24681
24680
24679
24677
24668
24657
24656
24652
24650
24645
24642
24636
24627
24626
24622
24620
24616
24611
24610
24595
24584
24582
24580
24573
24567
24564
24562
24560
24555
24538
24527
24524
24518
24512
24509
24508
24505
24500
24497
24490
24489
24482
24467
24466
24463
24462
24460
24456
24452
24449
24443
24440
24433
24432
24431
24428
24427
24420
24413
24412
24409
24406
24404
24398
24397
24394
24374
24373
24366
24363
24362
24360
24356
24355
24353
24346
24342
24326
24324
24323
24309
24302
24300
24291
24277
24276
24274
24273
24272
24268
24266
24263
24262
24257
24250
24247
24245
24241
24236
24234
24233
24232
24226
24216
24207
24201
24188
24187
24181
24168
24165
24162
24160
24159
24157
24154
24151
24148
24139
24134
24129
24127
24121
24111
24108
24105
24096
24092
24076
24075
24070
24069
24066
24061
24056
24042
24033
24031
24029
24022
24016
24014
24012
24005
24004
23993
23990
23989
23988
23987
23986
23985
23983
23981
23969
23964
23963
23953
23949
23945
23936
23930
23916
23909
23907
23904
23891
23888
23885
23884
23877
23875
23863
23859
23857
23856
23854
23841
23840
23837
23835
23816
23814
23813
23807
23796
23794
23792
23791
23789
23786
23783
23778
23771
23770
23768
23761
23757
23752
23746
23740
23739
23734
23730
23728
23726
23719
23718
23715
23709
23696
23695
23694
23693
23691
23689
23682
23678
23675
23663
23657
23651
23649
23648
23635
23632
23624
23619
23615
23610
23606
23602
23595
23592
23583
23578
23575
23571
23568
23567
23563
23553
23552
23550
23542
23537
23536
23532
23529
23526
23524
23519
23513
23509
23497
23480
23477
23471
23470
23469
23468
23456
23455
23445
23441
23440
23438
23436
23425
23423
23419
23406
23400
23396
23395
23394
23393
23390
23386
23380
23378
23360
23356
23352
23351
23350
23347
23344
23334
23330
23324
23323
23320
23307
23298
23289
23283
23281
23280
23268
23265
23262
23258
23257
23238
23236
23223
23209
23203
23193
23189
23186
23183
23182
23180
23179
23177
23172
23153
23150
23148
23147
23146
23143
23139
23131
23123
23117
23116
23111
23102
23095
23093
23092
23089
23088
23084
23082
23080
23077
23076
23074
23066
23055
23045
23042
23041
23033
23022
23021
23017
23013
23008
23006
23000
22994
22988
22982
22979
22978
22969
22968
22964
22962
22959
22955
22954
22949
22947
22940
22939
22936
22935
22934
22931
22928
22909
22903
22898
22894
22891
22886
22883
22881
22879
22876
22872
22864
22857
22855
22847
22844
22839
22832
22828
22825
22815
22811
22810
22807
22806
22793
22787
22785
22784
22779
22773
22766
22764
22758
22750
22748
22747
22746
22740
22735
22733
22726
22725
22724
22721
22720
22714
22713
22711
22710
22703
22701
22691
22684
22667
22662
22647
22643
22640
22639
22633
22619
22618
22617
22609
22600
22596
22595
22590
22589
22586
22574
22565
22564
22558
22556
22554
22549
22544
22543
22542
22540
22539
22528
22519
22518
22507
22506
22502
22499
22492
22475
22471
22467
22461
22459
22458
22454
22450
22445
22444
22441
22440
22435
22430
22422
22418
22415
22413
22412
22408
22406
22388
22386
22382
22380
22375
22374
22373
22371
22368
22366
22362
22360
22350
22347
22344
22340
22339
22333
22318
22316
22304
22300
22297
22296
22294
22293
22291
22290
22287
22279
22278
22277
22275
22268
22267
22266
22261
22260
22256
22249
22248
22242
22239
22233
22232
22230
22227
22221
22218
22203
22190
22178
22176
22174
22172
22171
22169
22163
22159
22148
22147
22131
22130
22115
22112
22111
22104
22102
22099
22098
22094
22092
22090
22084
22079
22072
22069
22068
22063
22062
22042
22041
22035
22032
22031
22027
22019
22017
22016
22014
22011
22007
22006
21999
21996
21995
21994
21982
21978
21974
21968
21964
21946
21941
21940
21939
21936
21935
21934
21930
21927
21920
21919
21908
21900
21899
21895
21892
21888
21885
21881
21880
21865
21858
21854
21852
21851
21835
21830
21825
21819
21814
21806
21805
21804
21794
21786
21785
21775
21771
21768
21765
21759
21756
21752
21738
21726
21716
21708
21706
21703
21689
21686
21685
21684
21682
21680
21679
21671
21669
21667
21666
21665
21662
21654
21647
21640
21629
21624
21620
21616
21611
21599
21588
21572
21567
21564
21553
21550
21547
21521
21511
21507
21506
21501
21498
21483
21478
21473
21472
21471
21469
21461
21456
21452
21446
21440
21434
21407
21399
21397
21395
21393
21387
21385
21377
21376
21375
21372
21368
21350
21347
21337
21334
21331
21313
21312
21310
21304
21299
21297
21292
21284
21280
21270
21253
21244
21241
21239
21235
21233
21231
21225
21215
21214
21209
21204
21202
21201
21195
21194
21193
21192
21188
21187
21185
21180
21170
21168
21166
21159
21157
21152
21128
21124
21123
21121
21117
21105
21103
21084
21077
21071
21062
21030
21019
21007
20994
20990
20989
20987
20983
20974
20970
20966
20959
20942
20940
20932
20927
20926
20924
20921
20915
20913
20908
20905
20897
20896
20892
20882
20881
20880
20878
20868
20863
20861
20858
20852
20833
20831
20830
20826
20825
20822
20819
20816
20815
20812
20805
20796
20795
20785
20780
20771
20765
20759
20758
20749
20748
20747
20743
20741
20739
20736
20734
20733
20725
20723
20719
20713
20712
20702
20700
20696
20691
20689
20688
20687
20681
20680
20677
20675
20673
20671
20660
20646
20641
20635
20626
20625
20621
20619
20611
20608
20591
20590
20585
20584
20569
20564
20563
20561
20555
20551
20548
20545
20544
20543
20541
20537
20533
20530
20527
20526
20517
20516
20513
20506
20500
20497
20489
20488
20487
20485
20483
20481
20475
20473
20470
20469
20453
20452
20450
20444
20443
20439
20437
20432
20426
20396
20392
20381
20370
20369
20364
20358
20357
20355
20353
20340
20339
20316
20306
20300
20297
20292
20287
20284
20281
20280
20276
20260
20258
20254
20253
20244
20243
20239
20229
20228
20226
20224
20223
20222
20221
20204
20197
20194
20190
20184
20181
20176
20175
20173
20171
20169
20165
20162
20161
20160
20158
20156
20150
20133
20132
20125
20110
20107
20104
20103
20099
20095
20091
20089
20085
20083
20081
20079
20076
20071
20069
20065
20062
20056
20055
20048
20045
20041
20039
20034
20027
20024
20022
20015
20008
20006
20005
19997
19989
19988
19984
19977
19968
19967
19966
19959
19954
19940
19926
19921
19917
19912
19911
19906
19903
19897
19892
19887
19882
19880
19875
19873
19870
19869
19868
19860
19859
19856
19852
19851
19850
19837
19836
19829
19827
19823
19819
19817
19816
19808
19799
19797
19791
19790
19783
19781
19780
19773
19764
19761
19757
19756
19754
19753
19747
19739
19736
19734
19730
19724
19711
19704
19701
19688
19685
19678
19672
19667
19664
19659
19658
19652
19648
19644
19642
19641
19637
19629
19627
19618
19617
19614
19613
19610
19607
19595
19591
19587
19584
19582
19578
19561
19545
19544
19542
19539
19530
19529
19524
19522
19514
19508
19506
19505
19501
19499
19479
19464
19462
19459
19451
19447
19446
19442
19440
19434
19433
19429
19427
19425
19424
19416
19413
19394
19391
19385
19384
19383
19378
19371
19367
19364
19352
19351
19350
19341
19340
19336
19333
19331
19328
19316
19313
19310
19300
19293
19289
19284
19281
19279
19269
19263
19260
19255
19246
19239
19236
19234
19233
19229
19220
19219
19210
19209
19208
19207
19202
19200
19195
19190
19185
19184
19183
19175
19171
19166
19163
19147
19145
19139
19137
19133
19128
19119
19117
19113
19111
19106
19097
19092
19084
19083
19078
19074
19065
19063
19061
19060
19056
19050
19042
19038
19037
19024
19021
19020
19018
19015
19010
19007
19003
18997
18995
18986
18976
18973
18971
18968
18966
18959
18954
18949
18944
18935
18929
18928
18926
18924
18915
18909
18907
18905
18903
18901
18898
18894
18887
18884
18877
18872
18865
18864
18862
18857
18856
18855
18851
18846
18836
18834
18831
18828
18826
18817
18812
18806
18801
18797
18796
18791
18772
18769
18766
18764
18763
18762
18759
18758
18754
18746
18739
18735
18730
18725
18723
18720
18717
18715
18709
18705
18703
18701
18692
18686
18685
18684
18679
18677
18674
18668
18656
18655
18654
18652
18651
18640
18632
18630
18628
18626
18625
18623
18622
18621
18615
18612
18611
18606
18593
18581
18577
18573
18572
18566
18564
18561
18560
18551
18536
18531
18529
18525
18517
18508
18503
18501
18498
18497
18495
18493
18488
18487
18477
18476
18471
18462
18456
18448
18447
18446
18440
18438
18433
18428
18423
18420
18417
18415
18402
18398
18396
18393
18384
18369
18365
18362
18355
18354
18348
18346
18344
18343
18328
18327
18324
18323
18318
18309
18308
18306
18301
18297
18296
18289
18287
18284
18275
18273
18262
18261
18259
18256
18252
18240
18236
18231
18225
18215
18214
18208
18203
18202
18193
18189
18183
18182
18179
18174
18166
18165
18164
18163
18161
18154
18150
18145
18136
18131
18130
18120
18117
18103
18100
18098
18097
18093
18089
18088
18075
18074
18069
18066
18053
18052
18042
18038
18025
18023
18021
18013
18012
18005
18003
17996
17993
17988
17987
17982
17966
17964
17953
17950
17943
17931
17924
17905
17903
17901
17900
17899
17895
17893
17889
17887
17886
17885
17883
17880
17867
17866
17865
17863
17852
17849
17848
17837
17828
17820
17818
17816
17800
17798
17796
17788
17778
17775
17770
17769
17766
17757
17756
17755
17748
17740
17739
17737
17735
17734
17731
17720
17713
17712
17707
17701
17700
17698
17696
17693
17688
17682
17680
17679
17675
17669
17668
17667
17658
17654
17650
17645
17644
17635
17627
17618
17614
17610
17609
17607
17599
17594
17587
17586
17567
17566
17563
17559
17553
17550
17548
17546
17534
17528
17526
17520
17519
17514
17511
17501
17499
17495
17493
17492
17491
17488
17484
17482
17479
17477
17475
17449
17445
17444
17418
17412
17409
17407
17406
17401
17397
17396
17394
17393
17389
17378
17376
17372
17354
17350
17348
17344
17343
17342
17341
17340
17336
17324
17320
17313
17300
17299
17297
17295
17286
17284
17281
17275
17273
17272
17269
17265
17264
17263
17252
17249
17246
17245
17235
17229
17225
17224
17220
17216
17213
17212
17203
17199
17195
17190
17189
17188
17182
17179
17174
17172
17161
17153
17151
17147
17145
17143
17137
17133
17126
17115
17108
17095
17093
17083
17082
17068
17065
17064
17063
17061
17054
17053
17049
17048
17046
17032
17028
17023
17012
17011
17010
17005
17003
17001
16997
16990
16985
16976
16971
16968
16957
16955
16954
16951
16946
16944
16937
16926
16924
16921
16913
16908
16897
16892
16890
16888
16879
16877
16875
16864
16851
16849
16828
16824
16806
16797
16795
16791
16789
16788
16787
16768
16762
16761
16754
16749
16748
16747
16746
16743
16742
16736
16732
16731
16728
16723
16719
16716
16714
16709
16704
16696
16686
16684
16676
16673
16671
16669
16654
16649
16648
16641
16633
16624
16623
16620
16619
16618
16613
16611
16609
16607
16606
16601
16597
16596
16585
16582
16581
16578
16577
16570
16565
16564
16562
16557
16556
16555
16552
16542
16541
16540
16537
16536
16532
16527
16521
16518
16512
16502
16497
16496
16484
16482
16480
16476
16475
16470
16469
16465
16464
16463
16462
16455
16453
16452
16441
16439
16435
16431
16429
16424
16421
16416
16413
16410
16405
16403
16400
16398
16395
16392
16390
16387
16386
7010
6148
6143
509
488
475
400
3421
194
1461
1458
1410
1406
1399
1365
104
78
762
598
592
560
477
245
2232
2038
200
1996
164
1502
1486
1448
1084
85
84
7007
7003
543
5145
511
492
478
460
457
424
3998
374
356
1998
18
1549
1535
1523
1460
1459
1437
1417
1380
1361
1352
126
124
64
5
5717
554
553
5191
507
372
371
352
321
312
246
218
2108
2022
2008
2007
1652
1651
1536
1519
1516
1509
1429
1377
1167
17007
75
660
6141
611
590
5236
506
490
482
432
381
262
221
2201
2020
1995
1511
1490
1478
1468
1421
1416
1413
1396
1387
1376
1358
1350
11
98
9535
737
71
7002
519
493
468
462
411
406
401
360
354
33
3141
29
2432
2044
2033
2010
183
1546
1473
1381
1379
1378
1367
131
101
70
66
650
608
596
588
583
579
567
561
529
489
419
418
3997
3986
378
375
281
263
2401
2105
2034
1986
1547
1545
1529
1506
1488
1423
1411
1354
1351
1212
106
102
18000
7201
6142
591
578
564
544
5428
465
3984
3455
309
2035
188
1663
1495
1480
1477
1424
1403
1397
1355
117
103
28910
49146
49142
49138
49134
49133
49131
49128
49123
49122
49108
49104
49100
49087
49085
49082
49080
49076
49066
49062
49057
49048
49040
49036
49034
49032
49028
49022
49020
49017
49015
49011
49005
49001
48998
48991
48986
48980
48972
48956
48935
48933
48925
48923
48921
48918
48913
48903
48899
48890
48883
48869
48864
48862
48853
48847
48830
48829
48825
48824
48803
48800
48794
48793
48786
48764
48762
48758
48757
48755
48753
48741
48740
48729
48726
48725
48721
48717
48707
48706
48705
48701
48698
48686
48674
48672
48663
48648
48629
48620
48613
48611
48606
48602
48601
48598
48588
48577
48574
48573
48572
48571
48566
48564
48554
48551
48546
48540
48523
48514
48512
48501
48497
48494
48491
48490
48487
48481
48478
48476
48474
48464
48459
48454
48427
48424
48409
48406
48395
48390
48387
48386
48378
48376
48374
48372
48370
48369
48366
48365
48357
48348
48337
48326
48319
48309
48291
48288
48280
48270
48256
48251
48250
48244
48234
48232
48229
48226
48221
48215
48205
48195
48194
48185
48184
48175
48174
48161
48155
48153
48152
48137
48133
48132
48130
48128
48117
48116
48113
48103
48097
48091
48086
48080
48068
48057
48053
48051
48049
48045
48041
48036
48031
48029
48024
48005
48004
48002
47993
47989
47985
47973
47968
47955
47952
47946
47931
47908
47902
47896
47892
47889
47885
47884
47882
47877
47876
47875
47869
47858
47852
47845
47841
47839
47806
47805
47798
47792
47790
47788
47785
47783
47780
47775
47771
47768
47762
47756
47718
47717
47708
47702
47701
47697
47695
47678
47674
47672
47671
47669
47667
47663
47658
47653
47652
47648
47640
47637
47636
47634
47632
47631
47628
47626
47618
47616
47610
47609
47600
47598
47595
47594
47584
47582
47575
47560
47555
47554
47552
47544
47535
47531
47526
47513
47496
47494
47490
47481
47477
47475
47474
47470
47456
47446
47445
47442
47437
47421
47415
47413
47409
47405
47400
47391
47386
47370
47364
47359
47357
47352
47346
47336
47335
47315
47310
47307
47306
47300
47298
47291
47290
47289
47281
47267
47265
47262
47260
47259
47247
47242
47234
47231
47229
47224
47220
47217
47213
47197
47190
47184
47183
47176
47162
47161
47159
47157
47155
47154
47144
47143
47142
47139
47131
47130
47128
47120
47103
47102
47100
47091
47090
47087
47086
47080
47079
47074
47073
47069
47065
47060
47058
47057
47045
47043
47042
47037
47026
47021
47014
47012
47009
47005
46999
46990
46989
46981
46975
46972
46968
46959
46955
46949
46946
46944
46942
46934
46932
46930
46919
46911
46909
46899
46895
46894
46893
46887
46882
46872
46871
46869
46865
46851
46850
46831
46830
46825
46823
46813
46805
46804
46803
46799
46788
46785
46780
46779
46765
46764
46757
46749
46746
46745
46741
46717
46699
46694
46693
46692
46689
46688
46668
46666
46662
46658
46657
46656
46654
46653
46644
46640
46625
46606
46602
46599
46587
46582
46581
46580
46576
46574
46559
46557
46556
46555
46548
46546
46542
46537
46535
46534
46529
46517
46515
46514
46504
46502
46491
46486
46478
46474
46472
46459
46455
46453
46442
46434
46432
46421
46420
46419
46414
46395
46391
46383
46374
46373
46370
46369
46363
46352
46350
46342
46341
46334
46321
46319
46311
46306
46297
46287
46284
46283
46269
46267
46257
46235
46234
46231
46230
46228
46223
46217
46214
46200
46187
46176
46174
46158
46156
46148
46140
46137
46128
46126
46112
46110
46109
46108
46087
46082
46081
46072
46071
46070
46069
46065
46062
46051
46034
46032
46025
46020
46016
46015
46005
45991
45986
45963
45954
45948
45947
45943
45925
45920
45917
45913
45910
45900
45895
45889
45877
45875
45871
45865
45859
45856
45849
45845
45837
45834
45832
45830
45816
45815
45814
45810
45804
45801
45792
45788
45786
45781
45776
45773
45765
45759
45758
45754
45751
45749
45742
45730
45725
45723
45717
45710
45703
45691
45689
45686
45683
45679
45676
45675
45673
45672
45665
45658
45657
45651
45645
45628
45624
45622
45616
45615
45602
45588
45579
45577
45573
45568
45563
45556
45554
45548
45542
45541
45537
45533
45525
45524
45519
45517
45516
45515
45497
45495
45491
45488
45475
45472
45467
45454
45452
45442
45431
45425
45419
45418
45415
45400
45394
45392
45390
45374
45371
45370
45353
45339
45337
45327
45309
45308
45305
45304
45298
45291
45290
45284
45281
45279
45275
45271
45262
45261
45259
45251
45240
45235
45231
45225
45223
45220
45215
45210
45208
45198
45190
45189
45185
45179
45175
45162
45156
45154
45149
45135
45133
45125
45124
45121
45120
45118
45114
45106
45103
45099
45095
45093
45092
45087
45082
45079
45063
45046
45032
45021
45020
45014
45001
44999
44994
44983
44977
44973
44972
44969
44958
44956
44955
44941
44937
44935
44927
44924
44919
44915
44912
44901
44885
44880
44876
44873
44871
44869
44866
44851
44850
44845
44837
44831
44823
44818
44817
44815
44800
44794
44780
44775
44774
44767
44757
44752
44746
44745
44738
44736
44732
44730
44727
44726
44721
44714
44713
44711
44710
44702
44693
44684
44673
44671
44667
44660
44654
44652
44640
44637
44632
44630
44624
44622
44614
44612
44609
44597
44595
44586
44561
44559
44558
44557
44542
44541
44534
44533
44522
44509
44504
44483
44479
44476
44469
44466
44460
44453
44452
44450
44448
44445
44444
44443
44439
44434
44423
44415
44411
44409
44403
44402
44396
44395
44390
44376
44373
44367
44357
44349
44342
44339
44336
44332
44328
44327
44324
44313
44299
44293
44282
44277
44268
44266
44260
44257
44245
44242
44236
44234
44227
44226
44215
44200
44195
44194
44180
44177
44176
44166
44164
44139
44129
44126
44119
44115
44109
44107
44098
44094
44090
44087
44080
44076
44075
44061
44059
44058
44056
44048
44042
44040
44035
44032
44024
44021
44013
44010
43994
43991
43986
43977
43973
43961
43956
43954
43928
43923
43913
43910
43905
43901
43891
43881
43870
43861
43859
43854
43850
43847
43845
43844
43843
43841
43837
43836
43835
43823
43816
43814
43812
43811
43805
43803
43799
43798
43794
43791
43788
43786
43785
43781
43774
43756
43739
43735
43725
43724
43723
43719
43713
43710
43709
43707
43697
43684
43679
43670
43653
43632
43617
43613
43610
43608
43601
43600
43594
43590
43589
43558
43553
43552
43550
43547
43544
43527
43523
43511
43506
43505
43503
43491
43485
43477
43474
43472
43464
43446
43432
43422
43420
43418
43414
43403
43382
43376
43372
43360
43359
43355
43327
43326
43323
43322
43320
43317
43316
43306
43304
43295
43289
43285
43283
43280
43279
43257
43256
43254
43249
43237
43225
43216
43185
43171
43157
43150
43147
43146
43145
43141
43139
43131
43129
43128
43126
43122
43121
43108
43106
43091
43086
43085
43074
43070
43069
43064
43057
43054
43036
43032
43024
43014
43011
43009
43005
43002
42986
42975
42974
42965
42961
42960
42955
42951
42950
42949
42947
42946
42945
42940
42923
42910
42906
42904
42903
42902
42893
42887
42886
42880
42877
42875
42874
42870
42869
42864
42863
42859
42849
42843
42837
42832
42831
42828
42823
42822
42819
42816
42815
42811
42804
42800
42799
42796
42791
42784
42776
42763
42762
42747
42741
42734
42721
42717
42706
42699
42695
42687
42684
42681
42677
42674
42672
42671
42668
42666
42664
42652
42651
42644
42634
42633
42632
42625
42624
42622
42621
42618
42610
42608
42606
42591
42584
42571
42562
42551
42546
42545
42535
42534
42522
42512
42506
42504
42484
42482
42478
42471
42465
42463
42459
42456
42445
42429
42428
42426
42425
42423
42422
42417
42411
42409
42394
42393
42383
42380
42379
42368
42350
42343
42338
42332
42328
42325
42318
42312
42302
42298
42283
42281
42280
42262
42235
42224
42199
42198
42197
42190
42179
42173
42168
42163
42162
42159
42158
42155
42141
42135
42133
42126
42123
42112
42101
42100
42096
42093
42088
42085
42081
42072
42067
42054
42048
42046
42034
42032
42031
42029
42022
42021
42006
41999
41990
41987
41982
41978
41975
41972
41968
41964
41955
41954
41950
41947
41937
41933
41930
41927
41916
41914
41901
41886
41876
41868
41867
41865
41860
41850
41849
41846
41829
41815
41810
41807
41806
41801
41800
41799
41785
41781
41780
41778
41773
41763
41761
41742
41730
41721
41718
41711
41710
41709
41684
41680
41676
41675
41674
41672
41667
41659
41656
41645
41641
41637
41636
41635
41633
41632
41631
41620
41617
41616
41610
41606
41602
41596
41589
41584
41574
41571
41570
41568
41565
41564
41562
41554
41551
41549
41546
41545
41544
41543
41518
41515
41514
41507
41504
41498
41497
41494
41485
41484
41479
41475
41474
41470
41464
41463
41458
41450
41448
41441
41439
41436
41435
41430
41425
41416
41415
41414
41410
41408
41407
41401
41393
41387
41384
41381
41379
41376
41369
41359
41356
41353
41351
41337
41332
41330
41320
41319
41309
41295
41289
41283
41278
41274
41264
41262
41254
41252
41251
41245
41237
41233
41232
41226
41207
41203
41172
41171
41170
41169
41154
41151
41150
41141
41135
41130
41123
41121
41113
41086
41082
41078
41075
41070
41065
41057
41053
41049
41042
41039
41036
41033
41020
41018
41015
40991
40970
40963
40962
40954
40946
40938
40923
40909
40905
40898
40897
40894
40888
40881
40871
40864
40851
40849
40844
40841
40826
40817
40803
40794
40793
40792
40787
40774
40773
40766
40764
40758
40757
40755
40751
40750
40735
40734
40726
40721
40719
40713
40707
40706
40700
40698
40697
40696
40694
40693
40687
40683
40676
40674
40672
40670
40669
40657
40656
40649
40643
40639
40613
40611
40607
40606
40594
40586
40584
40581
40574
40571
40566
40564
40554
40543
40542
40538
40530
40522
40517
40515
40499
40492
40489
40486
40464
40462
40460
40456
40452
40451
40450
40448
40433
40418
40415
40411
40402
40400
40398
40396
40387
40377
40369
40364
40361
40360
40355
40349
40348
40346
40337
40335
40329
40328
40320
40319
40315
40310
40308
40301
40299
40293
40291
40287
40270
40268
40251
40250
40249
40224
40218
40216
40211
40207
40198
40192
40191
40188
40187
40186
40183
40181
40176
40159
40148
40147
40144
40143
40142
40141
40138
40136
40127
40123
40113
40093
40090
40089
40076
40063
40061
40060
40055
40054
40049
40045
40041
40036
40031
40028
40022
40010
40009
40008
39997
39991
39990
39980
39978
39973
39967
39959
39951
39948
39940
39938
39930
39911
39898
39897
39883
39878
39873
39871
39867
39858
39856
39849
39848
39846
39845
39839
39835
39832
39829
39827
39816
39805
39802
39801
39800
39799
39796
39795
39792
39791
39786
39783
39773
39765
39763
39754
39750
39740
39739
39731
39727
39726
39720
39716
39715
39713
39707
39703
39702
39701
39687
39685
39679
39674
39668
39666
39664
39638
39617
39616
39611
39610
39605
39591
39586
39574
39570
39566
39565
39560
39552
39544
39542
39541
39529
39528
39526
39524
39518
39505
39499
39492
39487
39483
39480
39477
39472
39466
39463
39452
39445
39444
39439
39426
39424
39417
39415
39407
39404
39398
39397
39392
39388
39386
39375
39350
39344
39330
39324
39318
39315
39307
39303
39301
39294
39290
39289
39275
39269
39265
39261
39259
39239
39235
39232
39231
39227
39218
39214
39201
39199
39190
39187
39185
39184
39179
39170
39167
39157
39156
39143
39137
39133
39132
39126
39124
39120
39118
39115
39114
39109
39107
39104
39095
39091
39087
39085
39084
39083
39076
39074
39068
39057
39054
39045
39041
39037
39033
39030
39027
39024
39023
39022
39018
39013
39009
39006
38989
38978
38974
38973
38966
38964
38956
38949
38946
38938
38927
38922
38912
38911
38909
38907
38902
38901
38898
38889
38875
38869
38862
38857
38851
38850
38845
38844
38842
38840
38837
38836
38826
38817
38799
38794
38788
38784
38780
38777
38759
38750
38745
38744
38739
38729
38724
38723
38721
38720
38716
38712
38710
38707
38697
38694
38686
38684
38681
38680
38677
38675
38672
38671
38667
38666
38662
38647
38639
38638
38634
38631
38630
38627
38620
38618
38610
38599
38598
38582
38581
38579
38567
38557
38555
38548
38547
38545
38544
38530
38520
38519
38512
38505
38500
38497
38494
38490
38480
38478
38475
38472
38466
38465
38452
38450
38442
38438
38437
38435
38434
38432
38431
38428
38403
38402
38397
38396
38395
38391
38389
38379
38372
38360
38356
38355
38354
38350
38345
38343
38341
38334
38321
38300
38297
38291
38290
38288
38283
38280
38266
38262
38259
38258
38233
38225
38215
38202
38197
38189
38182
38181
38179
38175
38168
38166
38159
38157
38155
38152
38147
38139
38138
38137
38136
38130
38113
38111
38106
38104
38103
38089
38088
38082
38074
38073
38070
38069
38065
38058
38050
38042
38040
38036
38025
38021
38016
38013
38008
38007
37997
37995
37985
37978
37974
37969
37968
37967
37959
37952
37949
37942
37923
37920
37917
37907
37906
37900
37898
37893
37891
37888
37886
37874
37873
37866
37864
37863
37862
37853
37847
37844
37839
37834
37829
37820
37819
37817
37816
37808
37795
37792
37781
37778
37771
37770
37769
37767
37766
37764
37749
37738
37731
37730
37728
37721
37720
37719
37710
37701
37698
37695
37690
37688
37668
37657
37641
37638
37636
37635
37624
37621
37617
37614
37611
37588
37587
37572
37568
37567
37560
37546
37543
37541
37531
37525
37524
37522
37518
37506
37501
37494
37493
37488
37487
37477
37474
37467
37463
37458
37454
37450
37443
37438
37431
37425
37420
37415
37411
37407
37396
37376
37358
37357
37356
37351
37342
37338
37332
37324
37318
37313
37310
37299
37298
37292
37288
37279
37268
37256
37253
37230
37228
37225
37219
37215
37214
37210
37208
37203
37184
37179
37176
37168
37158
37154
37151
37149
37148
37138
37130
37126
37122
37120
37119
37106
37105
37103
37100
37097
37095
37087
37085
37067
37053
37034
37024
37021
37019
37012
37010
37004
36997
36987
36986
36981
36980
36979
36970
36955
36941
36934
36930
36925
36923
36912
36911
36909
36907
36905
36883
36882
36871
36861
36855
36851
36849
36848
36845
36843
36837
36835
36832
36816
36813
36810
36807
36802
36793
36788
36776
36760
36757
36756
36754
36748
36743
36741
36728
36725
36721
36705
36702
36699
36696
36689
36682
36681
36677
36675
36671
36664
36655
36647
36645
36640
36633
36624
36622
36618
36616
36612
36601
36600
36596
36590
36578
36571
36562
36561
36556
36550
36546
36545
36543
36540
36535
36532
36529
36526
36525
36517
36513
36508
36491
36486
36485
36483
36482
36480
36475
36474
36469
36465
36464
36460
36456
36455
36445
36434
36431
36423
36412
36405
36404
36391
36382
36381
36376
36373
36350
36344
36342
36338
36336
36321
36312
36309
36307
36306
36303
36297
36291
36279
36277
36276
36270
36269
36267
36252
36249
36244
36239
36230
36228
36227
36223
36216
36213
36212
36209
36207
36201
36199
36197
36196
36193
36190
36177
36175
36161
36149
36140
36128
36115
36114
36112
36102
36093
36083
36080
36073
36072
36069
36052
36046
36042
36039
36035
36027
36025
36014
36012
36005
35994
35992
35989
35983
35980
35973
35965
35962
35945
35935
35929
35928
35925
35918
35906
35887
35882
35877
35876
35875
35870
35866
35863
35855
35837
35836
35835
35826
35812
35811
35807
35800
35792
35787
35774
35772
35767
35760
35736
35727
35721
35720
35717
35715
35711
35699
35695
35691
35688
35686
35685
35673
35658
35651
35650
35643
35638
35624
35621
35618
35607
35604
35598
35596
35587
35585
35579
35575
35574
35571
35561
35558
35557
35555
35551
35541
35536
35534
35533
35530
35529
35522
35515
35511
35507
35502
35482
35456
35448
35442
35437
35433
35432
35426
35425
35419
35411
35406
35394
35389
35388
35373
35363
35350
35344
35341
35325
35323
35312
35303
35301
35294
35288
35282
35281
35274
35251
35247
35245
35238
35236
35235
35233
35230
35228
35218
35217
35209
35198
35193
35189
35187
35183
35182
35180
35179
35178
35171
35169
35159
35150
35147
35140
35136
35135
35130
35126
35120
35099
35088
35067
35063
35060
35040
35038
35030
35027
35015
34999
34997
34994
34993
34984
34976
34950
34948
34946
34945
34931
34915
34913
34905
34896
34887
34886
34882
34872
34870
34867
34857
34856
34844
34841
34838
34826
34821
34817
34811
34805
34797
34788
34786
34782
34781
34779
34763
34752
34747
34735
34732
34730
34722
34720
34717
34701
34688
34686
34657
34652
34645
34642
34641
34632
34631
34623
34616
34611
34592
34584
34574
34572
34571
34561
34560
34557
34553
34547
34542
34539
34530
34522
34520
34516
34515
34511
34509
34503
34499
34496
34492
34487
34485
34484
34479
34472
34471
34464
34462
34460
34456
34455
34454
34449
34444
34427
34423
34419
34400
34397
34394
34384
34381
34377
34375
34366
34363
34353
34349
34345
34338
34337
34335
34327
34326
34325
34319
34318
34315
34311
34306
34299
34295
34290
34284
34283
34282
34280
34279
34278
34268
34266
34251
34245
34242
34236
34235
34225
34210
34209
34206
34204
34198
34197
34189
34182
34181
34178
34174
34172
34168
34167
34156
34154
34140
34136
34111
34108
34090
34085
34084
34069
34066
34060
34053
34052
34050
34047
34045
34044
34041
34035
34031
34025
34021
34016
34012
33991
33987
33979
33973
33972
33968
33967
33962
33935
33933
33924
33916
33915
33908
33907
33906
33905
33902
33900
33898
33897
33892
33891
33879
33871
33852
33848
33845
33844
33843
33838
33837
33836
33832
33821
33814
33813
33804
33790
33782
33781
33776
33775
33774
33773
33761
33755
33753
33745
33734
33726
33722
33709
33702
33699
33691
33671
33653
33651
33641
33636
33635
33606
33599
33598
33593
33586
33581
33578
33564
33562
33559
33558
33550
33546
33540
33535
33534
33532
33528
33521
33517
33514
33513
33510
33497
33485
33483
33481
33472
33468
33464
33460
33456
33443
33435
33430
33429
33427
33419
33418
33407
33402
33397
33395
33389
33386
33381
33379
33364
33357
33356
33353
33348
33345
33336
33334
33333
33329
33320
33319
33311
33308
33299
33298
33287
33283
33279
33274
33272
33270
33248
33241
33240
33238
33231
33230
33228
33223
33221
33217
33216
33214
33206
33203
33201
33192
33188
33187
33183
33147
33145
33126
33122
33116
33107
33104
33090
33076
33073
33070
33065
33051
33046
33035
33029
33027
33025
33024
33023
33011
33009
33008
32996
32993
32978
32976
32975
32964
32958
32956
32951
32942
32923
32915
32910
32908
32905
32899
32896
32890
32886
32880
32878
32875
32871
32863
32854
32850
32841
32824
32821
32817
32814
32813
32811
32809
32808
32804
32803
32800
32796
32793
32792
32790
32789
90
6549
635
5713
5302
5301
522
5193
499
448
435
4343
420
412
397
348
257
2500
248
210
208
2065
2046
2024
2009
1544
1510
147
1479
1456
1425
1390
1386
65532
65531
65530
65526
65517
65512
65506
65501
65499
65498
65493
65492
65487
65483
65476
65469
65451
65444
65434
65429
65421
65419
65407
65397
65392
65386
65377
65376
65373
65363
65361
65338
65324
65320
65312
65311
65310
65305
65292
65282
65276
65275
65274
65266
65248
65239
65230
65227
65220
65214
65200
65199
65178
65176
65174
65159
65155
65152
65129
65124
65123
65122
65116
65113
65101
65098
65087
65082
65080
65077
65073
65068
65066
65062
65053
65052
65043
65031
65030
65025
65019
65018
65003
65002
65001
64998
64982
64949
64939
64926
64921
64918
64916
64894
64892
64889
64878
64876
64875
64846
64843
64840
64836
64820
64817
64816
64815
64813
64811
64802
64800
64779
64778
64774
64767
64755
64751
64750
64746
64743
64740
64738
64737
64735
64731
64729
64726
64721
64709
64696
64685
64676
64660
64658
64657
64654
64652
64649
64647
64646
64644
64636
64625
64621
64612
64585
64576
64574
64558
64556
64555
64550
64541
64540
64536
64534
64533
64530
64512
64511
64494
64493
64474
64466
64461
64460
64450
64447
64446
64442
64441
64430
64428
64410
64401
64370
64367
64363
64360
64348
64341
64337
64335
64325
64296
64286
64280
64277
64273
64257
64252
64247
64244
64240
64225
64222
64215
64198
64188
64187
64184
64183
64175
64165
64163
64161
64151
64150
64140
64139
64135
64130
64127
64123
64120
64118
64114
64113
64090
64083
64081
64072
64065
64058
64053
64047
64042
64035
64016
64015
64012
64007
64006
63995
63983
63975
63973
63967
63966
63951
63948
63946
63943
63942
63931
63930
63914
63907
63906
63904
63901
63892
63879
63878
63877
63875
63874
63864
63856
63853
63835
63833
63830
63826
63823
63814
63803
63793
63791
63777
63776
63774
63757
63753
63747
63740
63721
63720
63715
63714
63707
63698
63686
63683
63682
63681
63678
63677
63671
63664
63663
63661
63657
63656
63647
63644
63640
63638
63636
63632
63626
63625
63619
63614
63613
63595
63587
63574
63567
63566
63564
63546
63543
63535
63533
63532
63524
63517
63515
63514
63495
63481
63477
63466
63464
63461
63451
63449
63446
63427
63423
63411
63410
63409
63407
63398
63397
63385
63373
63366
63363
63356
63351
63343
63336
63335
63330
63325
63322
63318
63315
63289
63278
63273
63270
63266
63251
63246
63238
63237
63232
63231
63220
63217
63213
63211
63210
63203
63197
63186
63179
63176
63172
63162
63160
63151
63149
63147
63145
63143
63139
63135
63120
63112
63109
63092
63091
63089
63088
63086
63073
63071
63067
63062
63049
63039
63036
63033
63021
63017
63014
63000
62998
62993
62985
62982
62973
62972
62965
62964
62962
62957
62937
62936
62935
62934
62933
62923
62909
62906
62902
62892
62888
62887
62884
62878
62874
62858
62856
62846
62843
62841
62834
62825
62822
62821
62820
62791
62788
62785
62783
62779
62766
62764
62761
62760
62738
62725
62711
62708
62707
62689
62682
62680
62679
62678
62671
62662
62658
62652
62647
62637
62635
62631
62630
62629
62621
62617
62612
62606
62604
62600
62599
62590
62581
62578
62574
62566
62563
62556
62544
62540
62534
62533
62526
62518
62516
62511
62496
62485
62484
62479
62477
62469
62466
62461
62454
62442
62440
62435
62431
62424
62418
62413
62408
62398
62392
62386
62385
62383
62377
62370
62362
62346
62345
62321
62320
62312
62305
62302
62295
62285
62274
62270
62267
62256
62251
62250
62246
62245
62243
62233
62232
62218
62215
62214
62211
62203
62201
62200
62187
62181
62178
62170
62166
62165
62152
62146
62143
62132
62116
62111
62092
62090
62089
62086
62083
62074
62072
62071
62070
62064
62056
62053
62046
62039
62026
62023
62017
62011
62009
62005
62000
61997
61995
61989
61987
61980
61965
61960
61957
61956
61951
61943
61936
61906
61894
61893
61886
61876
61862
61848
61838
61834
61825
61821
61818
61815
61804
61802
61795
61794
61790
61786
61784
61783
61774
61764
61762
61756
61753
61748
61716
61707
61703
61695
61688
61687
61681
61667
61654
61652
61638
61635
61623
61601
61590
61586
61579
61574
61556
61554
61553
61551
61542
61529
61527
61524
61518
61508
61501
61500
61497
61494
61493
61492
61484
61483
61466
61463
61458
61456
61455
61452
61448
61435
61427
61420
61418
61414
61411
61408
61405
61401
61397
61393
61389
61374
61373
61371
61364
61349
61348
61338
61321
61318
61315
61309
61301
61294
61284
61278
61277
61270
61269
61265
61260
61244
61233
61219
61213
61210
61207
61202
61198
61188
61171
61163
61151
61149
61137
61130
61128
61125
61107
61100
61086
61054
61048
61042
61038
61032
61020
61016
61006
61005
61003
61001
61000
60998
60996
60990
60973
60963
60948
60941
60937
60936
60925
60922
60912
60899
60890
60889
60885
60883
60880
60878
60873
60872
60863
60861
60856
60848
60846
60842
60833
60831
60824
60822
60803
60799
60792
60791
60781
60778
60775
60774
60768
60754
60748
60735
60731
60727
60716
60715
60712
60704
60700
60696
60683
60678
60677
60675
60665
60662
60655
60640
60631
60630
60629
60618
60613
60606
60598
60594
60587
60579
60578
60575
60557
60550
60548
60546
60528
60522
60517
60493
60491
60472
60462
60455
60454
60449
60436
60433
60406
60404
60401
60383
60376
60370
60369
60365
60360
60356
60354
60331
60326
60322
60316
60299
60292
60291
60288
60268
60256
60250
60247
60246
60244
60243
60240
60236
60216
60214
60203
60191
60171
60170
60164
60160
60154
60152
60150
60148
60147
60142
60140
60138
60134
60130
60129
60126
60119
60105
60095
60076
60075
60071
60067
60062
60055
60052
60048
60043
60041
60037
60032
60025
60004
60001
59995
59992
59987
59984
59969
59966
59960
59952
59951
59949
59948
59935
59934
59933
59928
59925
59919
59902
59897
59891
59888
59885
59884
59883
59874
59853
59847
59836
59835
59834
59809
59798
59797
59794
59790
59781
59769
59768
59767
59766
59764
59763
59762
59757
59747
59743
59734
59727
59715
59710
59709
59701
59691
59689
59688
59684
59683
59672
59659
59646
59640
59637
59625
59620
59609
59608
59607
59598
59595
59589
59586
59580
59576
59574
59573
59564
59563
59554
59516
59500
59497
59495
59490
59488
59487
59486
59484
59482
59473
59468
59465
59461
59454
59453
59452
59450
59449
59447
59439
59435
59401
59398
59392
59390
59380
59372
59371
59369
59364
59361
59360
59357
59356
59351
59335
59328
59324
59303
59295
59282
59279
59272
59267
59265
59260
59258
59256
59253
59239
59231
59223
59215
59212
59209
59205
59196
59184
59179
59166
59159
59158
59141
59140
59138
59134
59131
59130
59128
59116
59101
59097
59090
59083
59079
59055
59047
59045
59039
59023
59016
59014
58988
58972
58970
58966
58964
58960
58954
58952
58944
58943
58937
58933
58931
58926
58925
58911
58903
58899
58892
58891
58880
58876
58871
58866
58848
58847
58845
58839
58838
58831
58828
58814
58803
58795
58793
58786
58776
58772
58768
58761
58744
58742
58733
58731
58728
58722
58715
58713
58710
58703
58698
58697
58691
58690
58686
58672
58670
58667
58658
58657
58655
58654
58649
58648
58632
58630
58629
58627
58620
58618
58614
58609
58606
58596
58590
58589
58584
58580
58577
58576
58572
58571
58561
58558
58549
58546
58537
58528
58526
58525
58504
58486
58479
58478
58465
58463
58446
58442
58441
58427
58416
58408
58402
58401
58395
58391
58390
58371
58364
58363
58358
58353
58352
58350
58349
58348
58347
58334
58328
58327
58318
58315
58314
58306
58302
58293
58279
58266
58262
58261
58254
58252
58248
58244
58241
58236
58235
58229
58228
58224
58219
58201
58189
58187
58185
58184
58183
58182
58179
58176
58167
58162
58154
58127
58123
58117
58111
58105
58101
58088
58085
58077
58076
58070
58050
58049
58042
58033
58027
58023
58020
58016
58014
58012
58011
58010
58009
58008
58007
58004
58003
58000
57999
57990
57976
57975
57972
57965
57963
57960
57956
57933
57921
57920
57917
57916
57904
57899
57896
57893
57884
57871
57864
57862
57852
57850
57839
57821
57816
57814
57812
57802
57800
57787
57784
57774
57767
57761
57758
57757
57747
57739
57734
57733
57729
57728
57720
57719
57714
57711
57700
57696
57692
57677
57676
57675
57671
57655
57651
57646
57644
57638
57637
57633
57632
57624
57622
57620
57619
57616
57614
57594
57587
57580
57577
57559
57552
57530
57527
57522
57516
57515
57510
57505
57504
57503
57491
57486
57483
57479
57474
57473
57471
57456
57426
57425
57416
57407
57402
57399
57395
57392
57391
57388
57383
57382
57381
57379
57375
57373
57369
57361
57358
57357
57348
57344
57337
57336
57328
57322
57320
57304
57286
57283
57279
57255
57254
57252
57250
57247
57245
57244
57237
57234
57221
57217
57213
57208
57204
57202
57194
57182
57180
57176
57167
57154
57135
57134
57128
57122
57121
57110
57104
57099
57096
57086
57082
57068
57060
57053
57050
57028
57020
57018
57010
57000
56984
56970
56960
56950
56949
56943
56939
56933
56921
56916
56913
56909
56904
56891
56888
56880
56878
56870
56867
56863
56856
56851
56838
56826
56823
56816
56806
56804
56803
56802
56801
56800
56799
56798
56789
56782
56766
56761
56753
56751
56750
56744
56736
56733
56732
56728
56710
56708
56704
56696
56691
56690
56679
56666
56659
56657
56654
56653
56645
56643
56639
56632
56627
56621
56620
56615
56603
56597
56594
56592
56560
56548
56542
56533
56531
56525
56515
56497
56494
56487
56485
56478
56469
56466
56463
56462
56460
56457
56442
56438
56435
56433
56427
56418
56411
56404
56396
56393
56384
56380
56377
56371
56369
56360
56358
56333
56332
56324
56321
56308
56293
56289
56278
56274
56267
56262
56259
56246
56241
56235
56228
56221
56214
56213
56203
56202
56192
56171
56163
56152
56147
56137
56130
56129
56127
56122
56120
56119
56116
56111
56110
56109
56107
56099
56096
56092
56074
56073
56068
56059
56057
56054
56037
56029
56028
56018
56015
56013
56012
56011
56006
56005
55998
55994
55993
55990
55979
55978
55969
55961
55960
55957
55949
55944
55939
55937
55929
55924
55922
55921
55918
55909
55906
55905
55899
55888
55880
55877
55876
55864
55847
55846
55843
55832
55830
55828
55818
55808
55805
55803
55797
55789
55769
55767
55763
55760
55752
55746
55736
55729
55728
55719
55718
55712
55703
55701
55698
55697
55695
55679
55676
55672
55665
55659
55643
55642
55633
55632
55630
55628
55624
55623
55622
55619
55617
55614
55609
55605
55603
55600
55597
55596
55595
55582
55578
55577
55576
55575
55566
55543
55540
55539
55537
55534
55529
55527
55504
55485
55472
55471
55469
55457
55456
55451
55443
55438
55437
55436
55425
55423
55416
55415
55414
55412
55411
55403
55395
55384
55373
55367
55365
55353
55345
55344
55341
55334
55330
55323
55321
55311
55303
55296
55292
55272
55271
55266
55264
55251
55250
55249
55247
55243
55234
55233
55230
55229
55228
55215
55214
55212
55206
55204
55203
55201
55200
55198
55194
55185
55179
55176
55174
55168
55165
55157
55155
55147
55145
55142
55133
55129
55125
55121
55120
55109
55108
55105
55102
55101
55100
55095
55051
55038
55020
54999
54995
54982
54981
54978
54971
54970
54965
54959
54957
54948
54942
54938
54937
54933
54927
54924
54923
54922
54920
54911
54907
54906
54902
54890
54887
54884
54878
54875
54863
54862
54854
54853
54849
54847
54843
54838
54835
54833
54820
54811
54806
54805
54801
54793
54792
54790
54788
54783
54763
54757
54755
54751
54748
54696
54675
54674
54670
54669
54668
54665
54644
54642
54639
54638
54633
54632
54631
54629
54628
54615
54612
54608
54606
54604
54603
54593
54588
54587
54579
54578
54573
54561
54553
54547
54545
54541
54540
54537
54536
54535
54526
54517
54499
54496
54495
54490
54482
54480
54475
54451
54448
54446
54436
54435
54434
54425
54418
54417
54414
54412
54389
54383
54382
54377
54370
54356
54348
54341
54335
54331
54326
54311
54302
54301
54289
54284
54282
54280
54279
54277
54268
54266
54261
54258
54253
54235
54233
54219
54212
54203
54198
54193
54190
54183
54178
54171
54165
54159
54152
54131
54125
54115
54111
54103
54100
54096
54092
54090
54089
54081
54077
54068
54054
54049
54048
54034
54033
54032
54024
54021
54020
54018
54016
54011
54007
54002
54001
53997
53993
53988
53960
53954
53951
53941
53935
53934
53926
53925
53924
53921
53919
53912
53904
53901
53894
53888
53887
53882
53867
53860
53857
53847
53836
53835
53829
53826
53813
53808
53797
53787
53780
53769
53768
53766
53761
53758
53753
53751
53750
53740
53735
53733
53732
53731
53730
53724
53723
53708
53702
53695
53688
53685
53684
53678
53677
53674
53670
53660
53649
53647
53645
53643
53635
53633
53620
53586
53574
53564
53562
53560
53555
53551
53549
53545
53539
53537
53536
53535
53528
53526
53520
53517
53516
53514
53513
53507
53505
53503
53500
53491
53470
53468
53458
53455
53442
53434
53421
53420
53412
53410
53401
53399
53393
53392
53390
53389
53385
53375
53373
53366
53362
53347
53341
53340
53339
53336
53332
53331
53326
53322
53321
53318
53313
53311
53308
53305
53301
53292
53285
53284
53276
53273
53271
53266
53265
53260
53258
53252
53250
53246
53245
53242
53222
53218
53208
53202
53200
53199
53198